100
4 2
5 2
6 2
1000 1000
1000 1
5 1
1000000 127
604836 595254
500000 250000
500000 245165
694589 566544
500000 262143
1000000 262144
999999 262143
1000000 128
999999 127
1000000 499998
1000000 2
341860 258408
412710 318007
515644 437200
793343 709003
403849 390500
999999 999998
1000000 524288
999999 2
500000 131072
999999 499997
500000 237857
999999 499998
668283 618928
500000 227772
822098 672756
1000000 524287
999999 1
371132 359779
743504 706010
930967 707210
406700 338666
500000 249999
500000 249998
534363 411457
2 2
999999 128
291523 238098
851034 649886
653038 557758
500000 128
999999 475711
1000000 499999
693585 552928
999999 499999
2 1
3 2
768120 731943
821371 716721
999999 524288
999999 999999
999187 818921
748713 645235
447364 366559
532679 505881
564360 472570
1000000 1
376174 372915
999999 524287
1000000 475712
999999 262144
265606 232414
747442 668406
757987 579490
818919 759456
3 1
1000000 500000
500000 499999
500000 1
1000000 999999
500000 262144
999999 446418
500000 2
427449 366829
376263 306237
1000000 494386
1000000 334380
999999 492219
500000 237856
1000000 262143
1000000 1000000
952498 812758
335846 258228
1 1
533239 421762
267460 218573
1000000 475713
500000 131071
500000 500000
4 1
434823 413377
500000 127
999999 475712
